"Nível","Reputação Necessária para Subir de Nível","Total Acumulado de Reputação"
"1-2",900,900
"2-3", 2700 , 3600
"3-4", 6400 , 10000
"4-5", 12500 ,22500
"5-6", 21600 , 44100
"6-7", 34300 , 78400
"7-8", 51200 , 129600
"8-9", 72900 , 202500
"9-10", 100000 , 302500
